1	614	15.3
326	614	1.8
3	614	25.2
66	614	22.5
80	614	9.9
264	614	2.25
70	614	9.63
76	614	2.07
295	614	1.8
163	614	0.315
1	520	3.6
13	520	0.45
39	520	5.4
29	520	7.65
156	520	3.6
158	520	4.05
204	520	4.5
255	520	2.52
26	520	2.7
273	520	7.2
283	520	3.15
1	782	5.4
27	782	19.35
264	782	25.2
309	782	14.4
91	782	6.3
202	782	1.8
130	782	4.5
1	768	2.7
193	768	3.15
55	768	0.46
73	768	20.7
298	768	1.53
37	768	18.9
168	768	30.6
70	768	16.2
17	768	1.8
256	768	1.8
1	1507	1.8
269	1507	1.8
65	1507	1.71
44	1507	2.25
17	1507	2.48
1	407	5.4
194	407	3.15
27	407	22.5
314	407	1.13
15	407	0.9
128	407	1.8
158	407	0.675
214	407	1.13
269	407	5.4
32	407	2.25
273	407	7.2
59	407	5.85
11	407	1.62
188	407	13.77
1	683	2.7
166	683	0.086
125	683	6.75
168	683	6.18
165	683	4.5
204	683	8.01
183	683	9.0
274	683	0.09
58	683	25.02
96	683	4.05
1	499	6.3
170	499	2.7
91	499	4.5
295	499	3.6
139	499	1.17
1	385	2.7
205	385	2.7
317	385	0.45
9	385	31.5
276	385	0.63
80	385	13.5
110	385	1.26
129	385	9.0
204	385	0.54
17	385	9.0
147	385	0.09
283	385	0.9
130	385	12.6
1	603	6.3
194	603	13.5
261	603	1.35
86	603	9.0
76	603	2.25
11	603	6.300000000000001
83	603	1.35
13	344	0.135
205	344	1.08
3	344	27.45
170	344	0.045
23	344	16.2
80	344	14.4
60	344	56.43
165	344	18.0
28	344	4.5
76	344	1.8
5	344	3.15
249	344	7.65
245	344	0.9
13	373	0.45
9	373	2.7
4	373	5.94
261	373	7.65
175	373	6.48
76	373	4.5
56	373	2.34
280	373	11.25
13	1566	2.7
55	1566	4.05
29	1566	6.75
13	474	0.18
9	474	7.2
3	474	18.0
92	474	0.54
40	474	0.45
76	474	1.17
13	568	0.45
38	568	0.45
98	568	20.25
217	568	2.7
307	568	2.6100000000000003
4	568	6.4799999999999995
242	568	0.603
262	568	2.7
40	568	1.53
99	568	22.5
46	568	49.5
52	568	2.25
91	568	14.4
145	568	0.675
295	568	3.6
95	568	18.9
77	568	18.0
139	568	12.6
148	568	2.7
177	568	0.72
188	568	16.2
326	1567	0.9
216	1567	5.4
326	917	0.36
326	859	0.45
33	859	2.25
326	622	1.8
15	622	1.8
73	622	1.8
4	622	8.82
80	622	0.45
33	622	1.35
76	622	3.6
42	622	3.6
208	622	0.54
11	622	0.45
130	622	1.35
326	695	1.35
39	695	9.45
55	695	18.09
217	695	18.0
7	695	7.2
43	695	21.6
56	695	7.2
205	369	9.45
98	369	63.0
239	369	7.2
41	369	36.0
4	369	0.675
66	369	2.25
37	369	4.5
214	369	3.15
264	369	27.0
99	369	53.1
65	369	40.5
44	369	96.75
70	369	1.04
183	369	9.0
86	369	7.2
28	369	130.5
82	369	22.5
42	369	19.8
256	369	3.1500000000000004
233	369	10.35
188	369	7.07
205	506	6.75
27	506	27.0
38	506	1.8
9	506	72.0
23	506	108.0
37	506	5.85
125	506	18.0
223	506	2.7
44	506	63.0
70	506	4.5
6	506	21.6
96	506	6.75
77	506	14.4
188	506	31.049999999999997
280	506	7.2
205	671	1.58
91	671	3.15
6	671	1.58
233	671	4.95
205	790	5.4
4	790	2.43
214	790	2.25
204	790	1.44
255	790	2.34
95	790	15.3
205	381	10.35
27	381	13.5
38	381	14.4
127	381	1.13
92	381	0.9
269	381	8.1
224	381	0.135
282	381	0.27
89	381	1.08
205	1630	3.42
205	386	0.45
285	386	21.509999999999998
54	386	1.37
51	386	25.38
123	386	3.0599999999999996
23	386	130.5
16	386	0.27
129	386	2.7
219	386	4.05
99	386	12.6
76	386	0.45
58	386	5.13
42	386	19.98
96	386	4.5
130	386	5.85
177	386	2.07
205	425	2.7
55	425	12.15
210	425	15.21
307	425	4.5
216	425	4.01
158	425	1.8
168	425	3.06
313	425	6.3
40	425	11.7
33	425	0.99
91	425	0.9
47	425	10.53
56	425	5.67
69	425	4.23
188	425	18.0
205	686	1.8
308	686	0.27
291	686	0.9
274	686	0.9
205	702	7.2
27	702	18.0
38	702	4.5
50	702	47.7
9	702	37.35
7	702	0.45
129	702	22.5
277	702	1.58
255	702	1.8
183	702	9.0
122	702	7.470000000000001
91	702	17.78
6	702	62.550000000000004
95	702	1.8
233	702	3.6
62	702	54.0
77	702	13.5
280	702	14.4
205	885	0.315
205	794	8.100000000000001
98	794	22.5
138	794	0.36
91	794	25.2
295	794	0.9
58	794	2.25
139	794	19.35
148	794	1.8
205	502	6.75
193	502	0.779
51	502	9.63
138	502	2.07
261	502	2.25
219	502	1.53
35	502	11.808
33	502	0.747
82	502	6.98
95	502	9.0
249	502	20.52
245	502	7.2
290	502	6.3
148	502	0.99
194	461	24.75
38	461	0.9
55	461	5.18
298	461	3.15
54	461	2.7
170	461	1.44
4	461	1.8
135	461	0.9
37	461	27.450000000000003
158	461	2.9699999999999998
60	461	36.0
323	461	0.324
122	461	0.18
96	461	4.05
233	461	0.135
56	461	1.8
290	461	9.0
194	1400	0.882
290	1400	0.18
194	576	50.400000000000006
38	576	25.2
317	576	0.11699999999999999
128	576	0.9
54	576	0.54
29	576	1.25
37	576	46.44
300	576	0.45
150	576	0.45
60	576	31.5
324	576	22.23
311	576	1.8
194	342	20.97
27	342	18.0
50	342	22.5
3	342	33.3
4	342	8.55
12	342	5.85
99	342	2.25
309	342	18.0
130	342	7.2
69	342	16.02
141	342	0.09
194	392	4.5
285	392	30.869999999999997
27	392	13.5
50	392	7.83
55	392	2.25
98	392	65.7
3	392	1.35
217	392	2.97
239	392	13.68
307	392	5.22
51	392	1.04
66	392	7.11
37	392	0.19399999999999998
156	392	5.4
158	392	0.27
168	392	5.31
129	392	2.43
60	392	18.0
46	392	40.23
70	392	6.75
104	392	9.0
309	392	0.585
6	392	135.0
208	392	7.02
233	392	9.36
290	392	2.7
77	392	2.7
83	392	0.45
148	392	5.67
194	740	21.6
193	740	16.2
38	740	5.4
87	740	4.5
312	740	1.35
60	740	1.8
311	740	0.09
107	740	7.2
290	740	6.3
194	565	34.2
98	565	18.0
307	565	0.9
4	565	2.7
264	565	3.42
99	565	19.8
46	565	19.8
322	565	2.27
6	565	45.0
147	565	3.15
82	565	9.9
208	565	6.93
139	565	5.4
174	565	1.15
188	565	26.91
280	565	0.9
194	653	43.56
87	653	0.9
50	653	7.2
104	653	7.2
6	653	67.5
59	653	4.5
194	460	44.91
193	460	16.2
27	460	18.81
307	460	2.25
276	460	0.45
37	460	17.28
300	460	1.35
219	460	0.27
60	460	36.18
325	460	0.135
233	460	9.63
290	460	6.3
59	460	0.45
194	353	78.47999999999999
193	353	0.99
38	353	26.55
55	353	4.5
9	353	18.9
312	353	0.18
128	353	13.5
3	353	0.9
54	353	17.46
41	353	7.02
66	353	24.75
135	353	0.45
80	353	0.72
242	353	27.0
150	353	0.405
44	353	58.5
323	353	2.15
311	353	1.8
42	353	15.53
233	353	8.01
56	353	18.9
290	353	22.5
59	353	18.0
77	353	20.7
11	353	3.6
194	972	20.7
27	972	9.9
50	972	72.0
39	972	9.9
217	972	15.21
259	972	1.8
29	972	7.2
80	972	5.4
277	972	0.45
104	972	37.8
26	972	3.6
304	972	1.8
107	972	10.8
82	972	17.46
194	338	18.0
98	338	27.0
9	338	11.7
307	338	0.54
41	338	99.9
138	338	2.7
4	338	3.15
80	338	9.0
223	338	0.9
60	338	105.3
44	338	27.0
104	338	7.2
28	338	13.5
122	338	11.25
111	338	0.9
97	338	6.3
76	338	2.25
32	338	18.0
96	338	0.9
59	338	1.35
194	384	17.73
193	384	0.63
27	384	27.0
55	384	4.5
312	384	1.8
60	384	0.54
323	384	2.07
324	384	3.6
42	384	14.4
69	384	34.2
188	384	24.119999999999997
194	440	5.4
87	440	6.3
66	440	25.65
29	440	1.53
219	440	0.396
35	440	5.13
26	440	1.35
209	440	2.07
249	440	2.07
194	1039	35.370000000000005
98	1039	22.5
128	1039	14.4
104	1039	3.6
233	1039	0.9
77	1039	5.4
69	1039	25.2
193	415	1.71
193	530	0.083
55	530	4.5
128	530	8.28
41	530	49.5
37	530	34.2
125	530	2.63
242	530	1.35
60	530	19.8
65	530	94.05
86	530	22.5
309	530	3.15
97	530	5.4
107	530	40.959999999999994
273	530	2.7
96	530	3.1500000000000004
56	530	1.35
290	530	13.95
280	530	20.7
193	535	2.7
27	535	5.4
50	535	27.0
298	535	1.8
156	535	0.9
125	535	1.98
269	535	10.8
165	535	8.1
304	535	0.9
193	378	9.0
55	378	3.42
239	378	3.9
86	378	10.8
209	378	1.35
193	796	9.0
38	796	3.6
317	796	1.8
239	796	2.25
107	796	22.05
56	796	3.4650000000000003
290	796	6.3
59	796	1.35
148	796	4.5
193	351	3.15
171	351	0.203
4	351	2.52
193	459	2.25
312	459	0.18
306	459	0.27
37	459	5.49
60	459	7.38
323	459	6.84
59	459	1.935
193	417	0.675
27	417	12.15
239	417	0.99
210	417	1.53
281	417	14.13
41	417	15.12
51	417	2.97
23	417	10.8
46	417	76.23
28	417	27.0
309	417	16.65
5	417	12.15
124	417	0.252
139	417	8.1
148	417	8.37
177	417	0.99
198	417	1.98
193	1201	2.7
36	1201	0.72
223	1201	0.54
150	1201	0.27
132	1201	1.98
193	875	7.2
317	875	1.49
23	875	0.9
35	875	10.17
255	875	4.05
69	875	22.5
193	887	9.9
55	887	3.56
284	887	0.302
23	887	4.5
273	887	6.3
96	887	6.75
148	887	14.76
193	694	3.33
317	694	0.765
193	746	9.49
128	746	1.8
242	746	0.81
324	746	8.1
311	746	0.36
58	746	0.54
107	746	12.6
193	1052	3.42
7	1052	0.9
135	1052	1.35
16	1052	3.6
193	1622	1.35
193	577	7.2
38	577	0.45
23	577	10.62
125	577	3.6
309	577	7.2
193	473	6.35
27	473	9.0
89	473	1.53
324	473	1.62
311	473	0.63
193	690	2.25
7	690	3.15
193	611	9.229999999999999
38	611	21.15
87	611	3.15
98	611	0.9
312	611	0.09
173	611	0.9
51	611	1.35
23	611	16.2
223	611	2.79
204	611	3.6
26	611	1.35
6	611	14.85
295	611	1.8
58	611	6.75
107	611	27.0
96	611	2.58
62	611	14.4
193	382	1.53
315	382	0.45
4	382	3.6
269	382	1.8
223	382	1.13
165	382	1.8
44	382	2.25
86	382	10.8
26	382	1.8
77	382	1.98
193	1598	1.26
259	1598	0.9
300	1598	0.27
323	1598	0.45
58	1598	12.38
107	1598	15.3
193	337	3.15
27	337	36.0
38	337	23.99
19	337	14.13
55	337	18.09
98	337	32.4
23	337	32.31
80	337	11.25
223	337	2.7
262	337	0.9
99	337	13.5
86	337	5.4
28	337	16.2
32	337	0.63
58	337	13.77
245	337	10.8
193	957	1.53
193	547	1.35
193	410	10.8
27	410	9.0
38	410	11.25
312	410	0.45
41	410	22.5
170	410	1.8
135	410	0.9
242	410	1.8
40	410	3.6
324	410	2.25
107	410	18.9
95	410	13.5
193	743	0.27
317	743	2.7
128	743	1.35
135	743	8.1
242	743	2.25
311	743	0.135
290	743	3.6
59	743	4.05
193	1431	4.95
38	1431	27.0
312	1431	1.8
128	1431	6.3
23	1431	0.9
37	1431	25.47
300	1431	0.99
242	1431	0.9
150	1431	0.9
60	1431	16.2
89	1431	0.225
58	1431	9.45
56	1431	0.675
169	1431	1.125
193	443	2.88
87	443	2.25
128	443	0.748
8	443	4.05
158	443	4.050000000000001
300	443	0.45
262	443	2.7
150	443	0.36
311	443	0.54
107	443	24.75
56	443	18.450000000000003
148	443	7.2
193	1591	0.36
36	1591	0.81
193	662	3.6
317	662	1.8
15	662	16.2
96	662	5.85
283	662	3.6
69	662	1.35
193	444	2.7
39	444	3.06
168	444	15.93
219	444	3.42
40	444	3.06
207	444	0.513
33	444	1.53
209	444	0.99
202	444	0.45
43	444	0.765
208	444	15.26
285	403	12.24
39	403	11.97
178	403	10.719999999999999
217	403	20.0
239	403	1.98
123	403	2.79
43	403	4.05
208	403	6.53
177	403	2.88
285	501	13.32
217	501	20.0
210	501	9.0
281	501	2.52
216	501	13.924000000000001
168	501	6.03
35	501	7.2
285	1606	13.5
173	1606	0.45
23	1606	16.2
262	1606	0.225
32	1606	7.2
82	1606	18.0
285	559	16.2
39	559	33.3
128	559	5.4
217	559	13.5
138	559	1.35
158	559	7.2
150	559	3.15
40	559	1.53
96	559	4.05
285	432	14.85
217	432	2.97
210	432	4.86
52	432	0.837
208	432	14.09
285	720	25.2
173	720	2.93
223	720	7.2
52	720	0.45
26	720	0.9
122	720	1.35
91	720	6.3
285	391	4.01
136	391	0.99
99	391	6.03
285	452	10.17
264	452	0.18
207	452	0.99
27	388	9.0
4	388	4.95
325	388	3.87
27	1499	0.405
27	944	2.7
298	944	5.85
158	944	0.45
183	944	4.5
283	944	3.6
27	418	27.0
315	418	1.8
276	418	1.62
271	418	0.45
27	872	16.2
90	872	3.6
91	872	2.25
77	872	4.5
27	497	2.7
38	497	0.9
87	497	1.8
50	497	2.25
9	497	7.65
3	497	23.4
173	497	2.25
307	497	4.5
7	497	12.959999999999999
66	497	69.94
80	497	1.35
313	497	1.58
150	497	1.35
28	497	199.8
91	497	9.0
295	497	1.8
82	497	9.315
290	497	5.4
77	497	31.5
148	497	12.6
280	497	36.0
27	334	9.45
38	334	19.8
55	334	16.2
9	334	4.5
312	334	3.8520000000000003
128	334	3.6
54	334	2.88
300	334	0.9
242	334	14.850000000000001
70	334	1.35
323	334	4.95
209	334	6.75
32	334	1.53
107	334	2.25
82	334	6.3
233	334	4.05
56	334	18.45
290	334	8.1
77	334	31.5
69	334	1.08
27	470	1.8
73	470	9.9
259	470	0.45
261	470	0.675
110	470	0.63
224	470	0.225
60	470	3.15
204	470	1.35
277	470	4.5
70	470	0.9
33	470	2.7
28	470	33.3
82	470	1.8
245	470	0.765
27	674	16.2
87	674	1.8
259	674	0.45
23	674	36.9
158	674	1.8
242	674	5.4
255	674	2.7
304	674	6.300000000000001
202	674	1.35
107	674	10.8
82	674	22.5
27	515	6.3
276	515	4.95
204	515	0.9
141	515	0.09
27	675	1.08
27	585	9.0
38	585	22.23
90	585	21.6
15	585	13.5
4	585	6.3
29	585	8.55
60	585	22.5
165	585	13.5
277	585	12.15
183	585	11.25
309	585	26.1
91	585	22.5
6	585	1.8
96	585	1.8
95	585	1.35
62	585	48.06
77	585	36.0
27	661	26.1
52	661	1.8
183	661	1.8
95	661	3.6
27	1569	3.6
217	1569	9.0
4	1569	0.45
129	1569	23.4
65	1569	54.0
17	1569	13.5
107	1569	10.8
177	1569	13.68
27	914	6.48
165	914	5.4
147	914	1.35
32	914	3.15
96	914	0.36
188	914	2.7
27	684	9.0
73	684	7.2
173	684	1.8
259	684	1.35
4	684	0.315
261	684	6.75
214	684	4.5
165	684	6.3
255	684	2.88
82	684	12.15
148	684	27.0
27	803	10.8
178	803	1.58
210	803	5.0
223	803	2.7
40	803	2.57
99	803	3.6
70	803	1.98
5	803	0.27
208	803	5.04
148	803	7.92
27	1355	7.2
298	1355	0.99
29	1355	3.15
38	357	15.53
127	357	1.8
15	357	4.5
51	357	8.1
66	357	24.3
23	357	67.5
21	357	0.27
92	357	0.675
242	357	1.35
60	357	76.95
183	357	18.45
104	357	3.6
82	357	9.45
62	357	36.0
38	387	2.79
41	387	15.3
123	387	7.38
66	387	47.61
29	387	4.5
300	387	1.35
242	387	0.743
175	387	0.9
219	387	2.97
60	387	12.6
65	387	34.2
46	387	30.6
52	387	1.98
309	387	0.9
97	387	0.225
304	387	1.44
107	387	3.15
245	387	0.45
77	387	22.5
130	387	1.35
177	387	6.75
69	387	3.96
38	1629	12.83
317	1629	0.18
38	863	5.4
178	863	7.2
150	863	1.89
99	863	13.05
52	863	2.7
309	863	18.9
107	863	12.15
11	863	5.4
38	1074	3.6
259	1074	3.6
38	714	8.1
55	714	4.46
90	714	0.81
128	714	5.85
36	714	4.5
242	714	0.9
264	714	2.43
58	714	9.45
5	714	4.05
245	714	9.0
38	841	2.7
38	368	4.5
39	368	15.12
3	368	7.05
210	368	3.51
138	368	1.8
66	368	8.55
80	368	8.1
150	368	1.13
264	368	8.19
60	368	33.3
99	368	24.93
104	368	9.0
17	368	4.95
6	368	15.3
89	368	0.7559999999999999
82	368	6.3
42	368	10.17
249	368	14.76
11	368	8.1
139	368	12.6
69	368	2.07
38	377	2.7
19	377	14.4
50	377	30.6
37	377	68.13
323	377	2.23
97	377	7.65
77	377	2.7
177	377	6.62
38	500	5.13
127	500	1.62
98	500	9.9
217	500	27.0
54	500	1.8
4	500	4.05
129	500	0.45
219	500	0.36
44	500	10.8
81	500	0.18
282	500	0.315
91	500	2.25
107	500	34.2
82	500	11.25
245	500	3.15
62	500	27.0
83	500	0.405
38	569	18.9
54	569	10.620000000000001
41	569	51.3
4	569	0.9
183	569	2.25
323	569	7.47
32	569	15.3
311	569	0.225
82	569	0.45
273	569	0.9
233	569	1.26
56	569	19.529999999999998
139	569	4.5
38	411	2.88
98	411	19.8
73	411	2.03
37	411	24.3
80	411	17.1
44	411	47.43
70	411	1.8
86	411	6.3
208	411	17.46
38	414	37.8
50	414	25.79
55	414	23.4
54	414	2.03
7	414	0.9
306	414	0.45
37	414	30.6
110	414	7.21
99	414	17.28
104	414	21.6
323	414	1.89
82	414	22.05
96	414	10.43
87	1371	0.72
87	1420	1.8
36	1420	1.8
92	1420	0.225
26	1420	1.8
304	1420	1.35
87	1298	9.0
136	1298	0.9
214	1298	10.8
183	1298	3.6
76	1298	2.7
96	1298	4.5
87	1586	0.9
181	1586	1.08
318	1586	0.09
87	1226	4.05
255	1226	8.55
304	1226	4.5
87	402	5.4
276	402	5.4
168	402	22.37
129	402	2.25
82	402	13.5
127	1093	2.07
127	696	1.08
11	696	2.25
127	908	2.25
217	908	1.26
127	759	1.8
264	759	2.25
17	759	6.75
56	759	3.33
83	759	0.9
127	1398	1.35
127	635	1.8
127	558	1.98
135	558	0.9
127	1470	0.225
19	650	8.1
3	650	13.95
54	650	16.2
60	650	11.25
86	650	12.6
56	650	1.08
280	650	13.5
19	1142	13.5
125	1142	15.48
91	1142	16.65
19	1689	6.3
19	1076	3.29
19	1252	1.35
19	952	4.95
73	952	4.05
51	952	8.1
19	697	5.4
4	697	6.3
16	697	3.6
19	839	1.8
19	525	1.4
160	525	0.18
17	525	1.13
309	525	13.5
26	525	0.675
82	525	4.365
208	525	14.4
11	525	9.9
19	741	3.6
217	741	0.774
131	741	1.8
280	741	8.1
19	871	7.43
19	419	2.07
63	419	1.71
138	419	2.02
156	419	0.99
125	419	4.19
168	419	22.77
99	419	30.06
33	419	3.42
52	419	2.07
86	419	9.9
26	419	3.6
97	419	10.8
177	419	2.25
19	374	7.29
290	374	3.51
19	333	0.63
19	724	4.5
16	724	7.92
17	724	4.95
47	724	2.7
283	724	3.6
19	507	0.9
55	507	4.5
98	507	113.85000000000001
171	507	0.495
4	507	20.43
23	507	32.13
37	507	0.405
150	507	3.15
271	507	0.135
44	507	36.0
46	507	31.5
52	507	13.5
104	507	4.05
86	507	13.5
122	507	22.59
62	507	4.05
174	507	1.58
148	507	0.9
188	507	36.900000000000006
19	380	10.26
39	380	13.95
136	380	0.207
63	380	5.85
37	380	0.45
65	380	76.19
56	380	10.71
177	380	16.2
19	593	11.25
158	593	3.6
110	593	1.35
168	593	2.25
131	593	0.45
5	593	0.45
42	593	14.13
245	593	4.95
314	484	1.8
317	484	0.9
82	484	9.9
69	484	3.6
314	1669	0.005
314	361	0.72
66	361	9.72
29	361	3.15
310	361	0.315
165	361	5.85
44	361	5.67
145	361	0.45
314	1176	0.9
59	1176	0.675
314	1433	1.35
233	1433	2.34
314	883	0.72
284	883	0.113
104	883	1.8
314	1714	0.198
314	1537	0.09
314	1715	0.392
314	1135	1.35
55	1135	3.33
317	471	5.4
276	471	1.35
129	471	1.8
76	471	2.7
5	471	4.05
245	471	5.4
317	784	1.8
217	784	0.9
317	719	1.92
62	719	11.7
11	719	5.4
317	1609	0.27
317	551	3.15
37	551	4.5
309	551	13.5
11	551	5.4
317	852	2.7
7	852	7.2
313	852	4.5
122	852	9.0
91	852	6.3
317	1544	3.6
148	1544	2.03
272	1637	0.275
267	1637	0.27
272	815	0.36
291	815	0.54
50	343	71.78
15	343	11.25
73	343	15.3
7	343	11.7
41	343	57.6
276	343	18.0
4	343	3.6
23	343	124.2
168	343	0.36
129	343	1.8
264	343	0.27
70	343	9.0
33	343	0.45
28	343	28.8
91	343	9.45
97	343	5.85
76	343	3.6
32	343	18.0
5	343	2.025
273	343	0.9
245	343	8.1
290	343	2.03
11	343	4.68
139	343	20.7
69	343	18.0
50	679	24.3
104	679	19.8
42	679	7.16
50	932	7.2
259	932	3.1500000000000004
125	932	4.904999999999999
255	932	2.25
325	932	2.7
183	932	11.7
304	932	0.81
50	1107	6.03
50	1513	1.89
315	1695	0.225
315	1696	0.36
315	660	0.18
315	1660	0.006999999999999999
267	1660	0.461
274	1660	0.5760000000000001
286	1660	0.011000000000000001
315	1271	0.225
315	881	0.10800000000000001
55	881	0.9
29	881	2.7
328	881	11.969999999999999
269	881	1.8
267	881	0.45
277	881	2.25
28	881	36.0
323	881	0.9
91	881	1.35
56	881	0.45
286	881	0.27
39	445	20.07
214	445	1.8
207	445	0.99
52	445	6.12
43	445	9.99
188	445	10.26
39	420	4.05
216	420	1.98
35	420	2.88
42	420	15.03
39	1016	7.92
239	1016	4.28
66	1016	25.65
52	1016	0.99
208	1016	7.2
148	1016	18.36
39	1532	2.7
217	1532	6.75
129	1532	2.7
264	1532	5.67
130	1532	9.99
39	678	2.79
52	678	0.99
39	814	0.99
123	814	2.493
99	814	14.4
65	814	8.1
249	814	14.67
177	814	0.855
69	814	19.17
39	1711	9.0
39	880	4.5
37	880	5.85
223	880	1.35
52	880	1.89
183	880	5.4
26	880	4.05
304	880	2.7
39	1096	7.2
298	1096	1.8
29	1096	9.0
95	1096	13.86
39	453	1.53
210	453	3.816
156	453	2.25
313	453	4.5
175	453	1.35
264	453	5.85
65	453	13.23
46	453	1.53
70	453	4.95
69	453	20.07
55	1012	2.71
98	1012	13.05
138	1012	2.52
306	1012	0.27
242	1012	10.125
129	1012	21.6
60	1012	42.3
17	1012	0.9
82	1012	3.42
233	1012	13.05
290	1012	11.25
139	1012	8.55
188	1012	19.8
55	1281	0.045
290	1281	0.63
55	1195	4.5
242	1195	5.72
55	1333	4.949999999999999
312	1333	1.8
92	1333	0.63
47	1333	0.45
249	1333	0.495
245	1333	2.43
55	629	3.6
147	629	0.9
90	1489	0.9
217	1489	2.61
90	514	28.8
255	514	1.35
28	514	14.4
91	514	7.2
6	514	27.0
90	1241	2.7
23	1241	3.6
223	1241	3.6
70	1241	9.0
111	1241	0.675
131	1241	0.9
82	1241	12.6
139	1241	7.2
98	562	2.25
217	562	7.2
160	562	2.88
11	562	7.65
98	1679	18.0
310	1679	0.81
104	1679	18.0
98	827	6.3
298	827	3.42
173	827	0.225
138	827	3.6
104	827	9.0
122	827	9.0
107	827	18.0
82	827	4.05
77	827	21.150000000000002
136	1707	0.9
136	1309	0.203
136	1118	0.5
49	1118	1.62
136	1008	1.53
136	925	0.7559999999999999
136	405	1.22
239	405	2.03
210	405	10.98
264	405	8.19
35	405	2.52
148	405	8.19
136	1292	0.513
136	522	0.135
4	522	0.45
261	522	1.53
80	522	6.3
309	522	0.315
5	522	7.879999999999999
245	522	7.65
59	522	5.4
130	522	2.7
136	447	0.765
239	447	3.6
123	447	5.04
198	447	1.26
136	421	1.193
298	421	5.54
210	421	17.24
52	421	0.99
62	421	9.9
56	421	6.39
198	421	0.293
136	1642	0.36
136	1121	0.306
136	1706	0.9
15	475	10.8
37	475	20.16
175	475	4.05
5	475	1.8
11	475	0.36
130	475	15.3
15	641	15.75
307	641	2.7
132	641	0.45
147	641	3.83
283	641	3.6
188	641	17.64
15	583	36.900000000000006
309	583	10.8
280	583	13.5
15	1346	36.9
9	1346	29.7
3	1346	29.25
8	1346	2.7
261	1346	0.135
168	1346	0.9
175	1346	0.198
70	1346	39.6
33	1346	0.45
76	1346	9.09
5	1346	1.215
11	1346	0.54
15	339	16.65
281	339	0.18
284	339	0.158
44	339	10.8
9	464	10.8
3	464	33.75
12	464	5.4
175	464	2.7
5	464	0.54
42	464	22.5
245	464	7.65
9	1319	9.0
312	748	2.52
150	748	2.25
60	748	4.5
312	1601	3.16
135	1601	0.72
323	1601	1.086
312	1345	1.89
217	1345	2.7
312	1628	0.18
319	1628	2.25
312	742	1.53
58	742	5.7
178	538	2.25
261	538	0.9
80	538	2.88
178	592	3.6
298	592	3.02
219	592	0.716
207	592	0.99
206	592	1.44
208	592	2.03
198	592	2.43
178	1277	1.35
138	1277	1.8
223	1277	0.63
111	1277	1.17
131	1277	1.35
82	1277	0.45
178	365	0.7020000000000001
92	365	0.135
115	1517	0.36
259	1517	1.44
128	636	1.8
66	636	20.25
168	636	7.2
104	636	6.3
11	636	2.25
128	1664	0.09
128	747	4.23
54	747	6.39
242	747	8.1
150	747	4.95
40	747	0.504
132	747	1.35
311	747	0.9
58	747	0.9
107	747	10.8
56	747	6.57
128	947	0.9
40	947	0.504
128	1624	4.5
128	427	4.05
267	427	0.9
40	427	1.44
311	427	0.257
128	601	0.9
128	1040	5.4
7	1040	9.0
259	1040	1.44
261	1040	0.72
128	363	2.7
282	363	0.675
128	527	8.1
223	527	2.25
202	527	1.22
128	758	7.63
17	758	9.0
122	758	9.45
139	758	9.0
103	389	0.203
298	389	2.57
264	389	1.53
35	389	1.98
43	389	0.405
3	718	22.5
223	718	2.7
3	469	4.5
80	469	4.05
110	469	0.72
175	469	0.18
70	469	0.9
6	469	57.6
69	469	45.0
3	645	19.35
73	645	2.52
16	645	1.35
82	645	5.4
42	645	16.2
130	645	1.58
69	645	7.83
3	1221	18.0
73	1221	11.25
269	1221	7.2
129	1221	9.899999999999999
65	1221	7.65
86	1221	17.1
309	1221	34.2
324	1221	2.7
58	1221	6.84
5	1221	0.9
82	1221	15.3
245	1221	12.6
130	1221	22.5
3	594	18.0
73	594	5.4
261	594	2.25
99	594	18.99
3	1656	18.0
73	575	0.225
158	575	0.9
95	575	6.3
141	575	0.113
73	478	10.8
4	478	8.1
309	478	4.5
76	478	3.15
245	478	7.2
130	478	8.28
73	682	8.1
29	682	0.54
158	682	9.9
325	682	0.9
132	682	1.8
202	682	0.45
95	682	3.6
298	393	3.02
124	393	0.504
298	563	1.8
41	563	2.52
206	563	1.512
64	563	0.486
298	504	2.705
216	504	1.98
35	504	2.43
43	504	0.504
298	1372	1.8
58	1372	1.94
298	358	2.7
21	358	1.08
12	358	2.7
89	358	1.17
298	355	0.9
261	355	2.7
40	355	1.53
56	355	1.58
36	1700	1.44
36	1004	1.62
170	1004	0.198
267	1004	1.53
168	1004	4.05
207	1004	0.9
52	1004	0.45
209	1004	3.51
43	1004	1.98
36	1644	2.52
239	1644	1.8
281	1644	3.6
269	1644	0.54
273	1644	3.6
36	618	3.38
5	618	2.7
273	618	10.8
59	618	2.7
69	618	4.05
217	1085	17.1
92	1085	0.63
16	1085	5.4
17	1085	4.5
89	1085	0.9
273	1085	14.4
130	1085	9.45
217	1577	0.54
217	546	5.4
307	546	1.17
80	546	3.15
70	546	3.6
91	546	4.05
295	546	6.57
217	1041	1.98
217	680	4.05
7	680	3.15
264	680	3.51
209	680	6.75
43	680	0.81
62	680	24.3
217	1477	1.35
217	677	0.1
267	677	1.8
217	424	3.51
198	424	2.43
217	1450	2.88
217	649	11.7
138	649	1.8
23	649	24.479999999999997
223	649	9.0
60	649	36.36
204	649	4.5
122	649	1.17
295	649	2.835
58	649	1.8
233	649	12.600000000000001
56	649	11.97
188	649	1.8
217	1394	2.25
32	1394	0.9
83	1394	0.36
217	406	3.2
216	406	0.693
239	537	0.99
239	898	0.72
239	426	0.99
216	426	10.26
123	426	1.53
264	426	11.12
99	426	22.5
35	426	5.09
70	426	10.17
206	426	1.02
294	426	0.18
239	1257	5.4
165	1257	9.0
104	1257	22.5
202	1257	2.7
95	1257	8.1
139	1257	16.2
239	448	1.53
209	448	4.86
210	398	8.19
51	398	2.52
66	398	44.46
168	398	15.17
219	398	2.97
46	398	15.3
70	398	6.03
111	398	0.9
209	398	1.53
82	398	5.4
43	398	17.19
208	398	6.03
62	398	13.59
177	398	4.05
69	398	7.2
305	756	0.405
33	756	0.302
188	756	0.99
305	795	0.513
173	1157	1.8
33	1157	1.35
122	1157	8.1
111	1157	0.45
202	1157	1.35
173	713	2.43
16	713	6.3
321	1504	0.18
321	1242	0.068
310	1242	0.45
307	1508	1.35
295	1508	1.17
307	1607	2.25
168	1607	0.72
160	1607	0.45
319	1607	0.45
307	1648	0.405
307	1289	0.54
158	1289	0.27
267	1289	1.8
204	1289	0.18
59	1289	1.072
307	876	7.83
66	876	5.4
29	876	0.9
242	876	0.09
223	876	5.85
262	876	1.35
58	876	1.31
130	876	13.5
139	876	17.55
307	1602	0.315
181	1655	1.35
291	1655	0.18
244	1645	0.045
244	463	0.225
125	463	9.68
267	463	0.45
82	463	18.0
281	1692	0.45
308	1692	0.135
281	969	0.045
59	969	1.44
281	1497	4.95
276	1497	1.35
269	1497	1.8
277	1497	2.25
280	1497	1.8
281	1663	0.126
281	1095	0.11699999999999999
214	1095	2.25
273	1095	0.45
281	1694	0.36
267	1694	0.338
281	1668	0.36
281	1219	0.585
281	1667	0.9
54	890	1.8
323	890	1.4
290	890	0.495
54	749	4.5
223	749	0.765
204	749	1.8
54	346	3.15
54	798	0.9
107	798	14.4
82	798	11.25
54	455	5.31
175	455	2.7
218	455	1.53
96	455	4.51
54	1367	2.07
324	1367	0.225
54	1627	0.995
54	335	3.6
54	1514	1.35
54	634	0.72
283	634	2.7
216	438	6.12
216	659	15.3
170	659	2.25
80	659	7.2
86	659	11.7
202	659	2.43
82	659	13.5
233	659	2.7
216	395	3.6
43	395	7.02
69	395	9.18
216	442	3.6
43	442	5.04
47	442	0.99
177	442	1.53
216	588	3.11
207	588	0.765
96	588	2.16
83	588	0.9
174	588	0.45
216	437	3.74
177	437	1.49
7	933	3.6
255	933	0.855
7	707	0.63
7	1313	6.3
7	725	5.4
165	725	15.75
323	725	4.5
83	725	1.48
143	404	0.203
33	404	0.243
41	519	72.0
44	519	58.5
41	379	34.11
123	379	4.95
219	379	1.35
44	379	61.02
46	379	78.3
70	379	1.98
76	379	0.45
11	379	3.6
139	379	9.0
170	584	1.53
170	1455	0.18
76	1455	4.05
170	1402	0.36
242	1402	4.05
170	631	0.27
310	631	0.36
200	631	0.27
170	1625	0.45
51	1305	2.48
242	1305	1.8
138	967	1.92
138	1650	2.7
267	1650	0.10400000000000001
138	1554	1.8
44	1554	10.8
97	1554	9.0
131	1554	0.9
138	1649	0.018000000000000002
138	1170	2.01
242	1170	3.24
174	1170	1.49
138	762	1.35
165	762	1.26
295	762	2.7
249	762	11.25
290	762	1.35
8	1215	0.9
111	1215	0.81
8	430	0.9
66	430	35.28
16	430	5.85
110	430	0.27
129	430	18.0
59	430	4.590000000000001
123	732	3.06
49	732	0.711
123	894	0.7020000000000001
177	894	0.7559999999999999
259	1708	0.27
259	505	1.8
168	505	8.01
49	505	1.04
26	505	1.35
177	505	8.01
259	761	3.15
156	761	2.7
26	761	1.8
97	761	4.05
256	761	1.8
95	761	3.15
259	1687	0.9
276	1639	1.08
255	1639	0.9
96	1639	3.42
280	1639	3.6
276	1670	0.45
125	1670	1.8
147	1670	0.36
276	1638	0.122
280	1638	1.35
276	367	0.36
316	367	0.09
276	1451	3.87
277	1451	8.1
255	1451	0.54
122	1451	2.25
274	1451	7.47
276	574	0.72
274	574	0.45
42	574	5.4
56	574	3.6
276	1184	3.15
276	1380	0.45
269	1380	3.96
175	1380	8.1
204	1380	2.16
277	1380	3.6
208	1380	5.58
280	1380	20.52
171	1133	0.9
168	1133	5.4
70	1133	4.86
104	1133	9.0
304	1133	0.9
171	879	0.54
37	879	4.05
171	1256	2.25
183	1256	0.72
26	1256	1.35
304	1256	1.26
4	1081	4.905
4	919	1.62
4	1635	1.44
4	1131	0.36
284	1634	0.068
284	518	0.239
277	518	2.25
323	518	2.34
66	586	0.99
66	1620	7.2
261	1485	0.9
261	1032	3.6
261	1104	3.6
261	855	5.85
96	855	2.7
130	855	4.5
261	596	0.27
130	596	0.9
23	709	10.8
233	709	5.22
23	1494	36.0
96	1494	2.7
23	599	27.9
145	599	0.9
273	599	10.8
306	1276	0.36
306	1623	1.35
320	998	0.045
320	907	0.45
242	907	1.98
135	676	2.25
37	676	10.8
300	676	1.67
150	676	0.27
60	676	4.05
324	676	1.66
311	676	0.9
56	676	8.19
169	676	1.35
29	700	4.5
29	791	1.8
21	791	1.53
40	791	0.504
44	791	0.9
29	413	0.63
165	413	4.5
21	1390	0.33799999999999997
183	1390	2.7
21	689	0.135
92	689	0.315
37	457	5.4
150	457	0.36
37	712	22.5
125	712	4.95
96	712	8.63
59	712	3.6
156	1710	0.315
158	1255	2.07
166	1681	0.045
125	1684	10.8
125	1386	0.9
208	1386	6.48
125	1617	1.35
269	1617	2.7
125	1472	6.5
125	985	5.8500000000000005
96	985	2.25
125	508	6.3
269	508	7.2
242	508	3.42
165	508	17.549999999999997
322	508	1.98
233	508	6.3
56	508	0.9
80	345	0.9
129	345	6.3
264	345	1.35
76	345	0.315
80	477	5.85
175	477	4.05
80	1147	2.25
33	1147	1.35
328	1500	0.09
328	1713	0.45
214	1227	0.63
17	1227	1.35
59	1227	2.97
214	1350	2.7
214	729	3.15
92	1541	0.54
224	1541	0.405
282	1541	0.54
269	808	4.05
267	808	0.54
311	808	0.203
269	1636	2.7
269	1453	3.96
274	1453	1.8
273	1453	4.5
280	1453	9.0
308	1661	0.126
308	1160	0.37799999999999995
308	1691	0.017
267	1691	0.281
308	1539	0.252
308	1693	0.171
267	1422	0.045
291	1422	0.162
271	1422	0.36
273	1422	0.9
267	1610	0.077
267	1717	0.011000000000000001
267	716	2.25
283	716	4.5
267	1132	0.27
267	1084	0.225
291	1084	0.405
202	1084	0.9
267	1611	0.09
291	1611	0.14400000000000002
271	1611	0.18
291	1719	0.252
291	1666	0.225
16	1079	1.8
174	1079	1.8
110	1657	0.675
110	521	1.8
110	1683	2.52
164	1665	0.14400000000000002
300	1658	0.9
242	1658	2.07
323	1658	1.71
56	1658	0.27
290	1658	2.7
300	1597	0.27
56	1597	0.405
310	731	0.135
32	731	2.88
242	1565	2.25
242	1024	0.54
242	1230	3.82
242	578	0.54
160	578	4.14
242	1674	2.16
242	681	0.045
274	681	0.9
148	681	3.51
242	1021	0.9
242	705	0.585
223	1651	1.94
223	409	1.35
35	409	15.39
5	409	0.27
43	409	3.51
249	409	0.504
169	409	0.45
198	409	0.311
223	1506	5.4
40	1506	3.15
204	1506	3.24
200	1204	0.021
327	1204	0.225
200	1590	0.045
183	1590	3.6
313	1652	0.18
319	1652	2.7
12	489	3.15
76	489	3.6
175	341	1.26
175	955	1.8
33	955	0.675
5	955	1.08
150	1699	0.084
150	456	0.45
290	456	0.45
224	1338	0.225
303	1338	0.27
129	831	1.8
219	1415	1.94
219	1002	1.58
206	1002	0.46
43	1002	0.387
198	1002	0.99
219	673	1.8
70	673	5.4
95	673	2.7
83	673	1.35
49	434	0.7559999999999999
206	434	0.405
49	1641	0.07200000000000001
49	394	1.98
52	394	0.77
249	394	0.8009999999999999
198	394	2.52
49	1078	0.09
60	579	6.75
271	1712	0.135
271	1659	0.333
273	1659	0.54
165	1238	1.8
165	708	5.85
165	722	2.25
165	1594	4.05
58	1594	4.95
130	1594	10.35
165	1709	0.54
165	846	20.16
148	846	4.5
165	655	12.6
6	655	40.5
147	655	0.315
165	1304	0.9
40	785	2.25
40	950	1.44
40	905	0.09
99	1605	1.8
204	996	0.9
204	549	5.58
83	549	0.225
204	1110	1.8
32	1110	6.025
204	1632	1.08
160	1632	1.8
131	1632	0.45
204	717	1.35
65	1068	0.205
277	1662	0.09
218	923	0.10400000000000001
43	923	0.315
44	487	3.42
59	487	0.45
44	753	6.14
44	1671	0.99
44	1675	0.8009999999999999
44	1621	3.6
46	401	49.5
86	401	2.7
46	1080	53.1
274	1080	0.9
280	1080	9.0
35	604	0.99
283	604	1.53
286	604	0.585
35	450	7.02
255	1525	1.8
327	1036	1.58
322	1036	0.45
147	1036	1.13
96	1036	3.015
11	1036	2.25
188	1036	0.45
81	667	0.09
70	1672	21.6
33	511	0.203
33	416	3.74
206	416	1.98
209	416	1.22
249	416	0.257
188	416	0.513
33	589	0.243
33	347	0.225
325	347	2.7
237	347	0.45
130	347	1.8
33	777	2.7
33	488	1.53
141	488	0.225
52	1044	0.63
273	1044	1.35
325	706	1.8
325	1340	0.27
183	408	3.15
169	408	0.09
104	703	15.3
95	703	7.2
104	1388	4.5
26	1388	1.8
104	788	1.8050000000000002
282	491	0.113
283	491	3.6
282	728	0.36
282	1173	0.8999999999999999
17	1082	16.65
17	496	0.36
5	496	6.3
177	496	6.48
280	496	7.2
323	1676	0.9
323	1704	0.084
206	1417	0.315
64	1643	0.14400000000000002
64	1127	0.054000000000000006
309	1250	2.37
26	1029	0.18
59	1029	1.35
26	1299	0.63
122	648	0.225
122	517	7.2
122	1653	1.8
132	1698	1.17
140	510	0.09
111	1174	4.05
77	1174	4.95
111	1654	1.8
111	772	0.315
82	772	7.83
6	362	2.25
6	1536	7.65
131	1159	4.5
319	1159	0.9
145	1646	0.72
274	1716	2.88
274	1495	0.27
274	721	0.045
147	1678	0.36
147	963	3.1959999999999997
147	1058	1.13
76	371	1.8
76	1631	1.8
89	512	0.495
89	752	0.45
89	1178	1.8
294	1178	0.36
294	476	0.135
95	476	2.7
304	1556	0.045
304	779	1.8
202	779	1.8
304	1680	0.72
295	1697	2.52
319	485	0.9
32	821	0.54
32	652	3.15
32	1145	0.36
32	783	2.16
32	1180	7.08
202	1383	0.225
202	1647	0.54
311	1557	0.023
58	1358	0.149
58	1703	0.279
58	750	0.27
107	937	0.9
107	1344	3.6
107	1705	0.9
5	968	2.7
286	968	0.54
43	738	0.513
43	1125	0.6659999999999999
43	435	0.711
96	498	0.45
96	1033	0.45
96	472	5.4
96	1220	2.88
95	715	2.7
124	1053	0.509
245	513	2.7
245	1682	1.35
233	1464	1.35
20	1578	0.36
20	723	0.27
56	1548	0.765
169	1702	1.8
169	1701	0.72
290	1677	7.875
290	1626	1.98
59	1626	4.95
188	1626	1.03
290	920	0.18
59	770	2.25
59	836	7.2
286	1718	0.45
77	516	1.8
11	953	0.36
130	834	3.6
139	1640	13.5
83	1066	1.8
83	1446	0.54
174	376	0.36
69	376	2.7
174	1633	1.8
174	1129	0.63
174	1616	0.72
174	1686	0.54
174	1685	0.18
251	1688	0.9
148	1424	1.53
148	1673	2.03
177	765	5.4
177	524	0.45
69	572	2.7
188	1449	3.6
280	1526	0.18
280	1690	0.63
